252
118
234
239
273
59
100
230
83
166
143
188
109
154
285
274
190
215
42
182
4
72
41
241
47
120
38
32
299
65
153
251
183
88
191
157
148
291
87
231
158
230
120
267
84
105
242
275
20
284
157
25
57
198
267
104
19
6
137
18
71
291
270
255
79
161
112
228
153
200
159
11
131
279
279
216
85
221
191
106
206
49
132
264
248
99
68
268
105
206
286
176
197
257
131
277
119
244
205
273
144
64
285
276
44
264
192
129
185
84
235
92
134
67
56
82
166
124
50
272
30
37
148
228
295
280
205
114
224
110
88
69
175
73
45
219
37
238
49
223
22
285
15
156
52
72
239
219
196
290
191
227
28
40
156
23
20
61
138
245
171
226
15
47
299
61
266
37
299
16
261
21
1
276
178
54
48
117
273
245
107
165
173
135
206
29
159
227
91
297
173
263
224
188
10
224
249
277
261
249
293
223
271
295
200
149
49
249
266
23
194
74
188
68
210
95
98
69
22
189
67
195
153
291
84
163
215
33
141
177
283
135
100
254
130
0
103
179
249
70
202
144
144
91
213
54
186
12
124
208
202
191
104
55
182
188
219
98
222
60
276
205
195
77
159
26
78
263
205
28
33
108
173
177
199
86
232
86
98
56
295
1
248
99
56
130
287
275
229
209
36
205
115
232
282
274
258
61
238
164
89
271
272
262
149
172
48
82
259
147
139
254
148
87
54
205
218
41
180
147
251
217
53
66
149
36
41
108
97
279
272
186
251
245
148
100
118
197
182
77
45
21
32
194
109
86
99
27
128
280
175
79
197
228
146
47
264
187
155
62
167
127
248
118
73
97
218
191
295
101
269
40
123
1
234
232
88
34
259
216
14
134
295
212
63
142
259
28
29
114
90
197
242
39
15
16
137
234
207
132
35
176
173
158
178
108
91
266
142
50
182
157
185
178
70
248
21
29
277
50
144
67
248
87
107
263
103
244
197
10
77
233
187
250
92
66
59
183
32
202
234
215
60
120
94
130
69
115
159
46
166
4
114
114
91
221
78
194
165
275
205
242
209
93
193
1
159
253
185
192
155
120
108
215
240
203
45
9
19
205
56
185
210
170
0
1
91
78
196
257
54
102
200
263
195
93
265
55
47
151
248
202
271
57
118
211
260
164
221
279
69
277
165
280
148
165
281
239
244
178
197
298
280
97
262
176
191
227
232
238
78
181
141
50
238
259
261
199
123
183
179
193
161
44
173
9
210
155
249
154
33
146
153
14
244
115
191
135
43
123
74
122
5
215
172
243
174
134
143
298
17
22
192
179
66
65
189
277
221
138
131
255
285
284
269
230
100
161
65
143
284
139
265
290
55
137
234
229
271
77
228
289
99
120
168
166
186
57
143
108
196
274
63
181
259
32
112
59
193
177
202
178
17
168
169
72
5
103
2
277
180
231
266
279
51
134
146
238
191
289
46
87
264
109
269
224
142
81
283
36
259
186
215
277
55
84
50
60
187
52
38
68
284
4
48
35
138
194
274
30
184
21
118
148
130
87
73
273
169
57
10
129
244
226
106
299
10
157
60
198
209
98
266
194
102
15
230
240
209
204
271
93
225
89
242
56
177
16
30
47
73
40
176
17
266
283
16
277
140
77
176
50
175
142
244
277
157
174
218
67
79
190
161
4
279
104
61
156
120
92
203
193
133
80
210
99
64
227
77
205
4
253
255
180
96
200
158
254
75
76
21
154
266
183
159
246
287
221
103
107
13
7
1
146
87
212
246
152
140
23
57
145
277
13
25
73
213
183
27
288
260
49
142
227
233
2
173
220
223
276
28
236
283
30
82
71
242
28
224
83
51
281
228
29
294
253
102
207
136
130
196
97
180
38
24
113
41
197
34
264
174
63
200
158
93
282
230
36
11
154
119
63
135
48
92
130
1
194
37
138
25
234
235
205
273
260
18
14
158
53
278
32
116
178
191
210
161
121
246
173
276
66
236
112
114
29
242
116
224
280
254
249
214
190
154
187
150
173
201
8
226
179
41
43
58
233
253
220
55
200
93
31
266
30
143
81
59
86
197
284
66
152
233
280
42
88
168
193
262
69
202
188
249
243
231
8
177
185
229
232
85
23
264
51
53
107
132
113
194
30
97
260
182
31
241
224
119
110
118
81
179
20
270
129
264
202
138
141
87
67
73
173
90
37
224
144
145
57
257
40
87
55
0
270
86
242
195
206
52
13
287
232
33
258
62
298
160
200
139
248
267
213
121
58
251
46
202
97
104
159
137
192
215
138
162
1
80
57
208
133
70
195
65
104
154
127
103
15
28
242
263
295
156
85
54
107
131
256
204
235
115
42
127
31
180
290
32
260
47
240
93
118
136
159
223
291
287
26
6
15
269
269
11
125
55
65
233
186
22
138
122
137
180
250
168
60
240
201
21
288
142
115
107
279
275
30
270
262
57
276
278
26
246
290
152
1
56
86
188
78
224
10
216
105
261
85
165
202
287
187
191
129
2
298
109
277
29
79
240
87
55
218
114
2
209
266
3
265
53
191
44
277
202
261
82
164
46
248
66
33
135
258
163
138
257
272
116
286
52
56
74
108
275
188
110
184
155
113
150
208
5
195
185
208
156
268
72
202
217
139
236
52
97
100
191
54
73
7
41
125
63
115
233
38
3
43
223
159
157
74
67
162
269
253
70
125
221
143
27
139
282
264
192
79
64
83
134
137
90
175
262
154
291
196
193
295
239
116
154
96
190
222
259
160
175
29
285
97
172
13
236
155
277
128
235
41
211
69
179
2
245
141
156
237
38
50
232
277
167
87
74
58
9
33
218
184
63
203
281
236
216
218
91
193
46
27
235
257
96
114
260
42
256
117
279
294
167
212
272
34
0
46
92
9
80
10
194
143
213
176
80
130
94
171
24
140
198
259
98
295
73
58
38
30
175
18
24
42
230
296
76
230
43
169
240
123
179
134
267
93
10
47
224
104
219
248
245
118
207
43
113
281
102
152
12
277
170
36
20
101
33
97
31
77
266
272
200
146
106
167
240
117
214
164
222
134
112
167
252
20
211
66
1
13
218
13
290
88
50
11
190
84
108
221
161
74
194
61
221
0
229
161
117
144
25
40
278
137
207
230
158
118
296
159
131
215
173
122
4
224
133
194
9
241
116
170
16
10
232
237
10
161
98
128
6
124
168
284
261
76
215
119
195
212
279
26
127
153
149
131
78
282
25
87
224
142
258
241
152
190
179
163
52
277
292
58
102
161
43
63
237
258
183
132
170
163
159
298
17
9
129
96
291
155
183
216
297
142
158
150
32
37
13
85
15
6
143
117
167
187
181
105
145
64
238
16
228
97
14
246
106
144
42
98
299
226
15
297
68
173
148
101
210
162
186
225
168
30
42
35
217
223
141
63
288
79
79
217
177
94
164
284
238
207
82
237
133
98
235
202
271
83
4
182
245
191
108
114
222
151
150
140
75
291
203
64
70
283
282
247
77
146
231
15
53
14
253
187
112
189
90
84
272
95
267
218
286
76
32
209
227
182
49
3
174
253
68
244
236
50
192
14
196
124
29
250
138
283
138
251
172
228
36
145
24
4
63
11
80
96
220
8
279
270
12
153
223
80
98
159
130
290
173
27
114
203
277
253
186
116
205
58
44
241
204
69
246
267
80
27
64
0
35
43
271
48
197
194
128
295
54
258
285
227
286
100
131
264
53
18
80
258
76
125
200
281
194
146
248
274
173
13
275
209
57
246
257
254
141
86
249
195
45
235
123
31
35
254
295
88
272
75
47
49
201
248
30
95
94
279
70
268
292
46
178
49
293
136
4
134
222
253
29
267
189
152
299
224
106
294
13
79
70
61
128
271
9
158
66
104
138
137
73
130
183
251
180
176
88
184
10
11
138
39
279
27
192
278
252
298
272
265
77
43
26
206
14
36
65
81
140
203
218
213
34
101
165
214
278
253
99
288
265
238
28
244
266
220
222
218
219
195
184
297
239
211
203
253
247
268
35
87
171
253
0
206
55
166
121
33
120
220
22
85
158
51
30
125
271
252
43
191
148
227
188
87
138
91
41
85
59
76
172
231
30
173
138
85
39
259
119
160
179
142
245
38
193
275
163
165
228
207
56
77
134
244
165
273
36
206
58
96
283
231
28
13
105
166
99
145
125
218
5
5
61
251
44
254
226
207
120
155
115
177
232
249
121
98
223
158
4
281
254
287
213
282
1
19
148
100
164
274
19
170
279
80
121
23
35
48
231
155
203
46
32
136
296
154
234
219
12
239
201
266
227
115
249
228
134
97
28
299
71
47
169
50
127
291
74
162
39
5
18
243
52
51
80
48
205
15
268
217
254
170
184
182
285
133
110
120
231
139
119
2
186
289
53
14
280
128
177
20
133
195
263
186
246
44
234
152
59
203
70
14
73
254
197
58
88
7
178
19
146
298
22
33
287
75
47
267
204
224
288
37
120
252
223
67
296
158
219
56
61
289
71
135
244
268
193
32
276
72
52
122
70
74
155
57
150
203
25
54
127
14
92
248
266
15
15
263
174
235
19
236
224
91
71
169
59
264
201
35
37
253
158
107
28
14
165
178
217
191
232
45
205
24
294
171
40
9
134
215
244
154
151
169
245
222
39
5
187
241
41
225
195
200
32
223
214
198
101
132
89
34
178
295
59
172
166
99
182
1
14
127
156
166
296
102
89
35
108
277
276
149
202
171
50
235
95
264
133
196
97
222
231
276
217
290
148
84
90
30
86
105
157
243
271
154
45
60
190
153
37
167
3
240
38
53
175
133
18
8
30
116
231
261
92
149
252
240
234
42
271
20
147
129
264
118
283
9
179
174
163
217
41
167
157
80
221
33
214
239
41
245
56
273
206
148
122
158
89
56
201
60
77
48
190
42
167
174
51
46
48
215
264
89
83
122
169
4
155
84
244
196
29
0
170
236
148
292
95
238
49
296
298
127
44
188
169
211
62
221
258
111
137
223
200
220
45
70
225
200
155
169
97
184
170
267
120
19
260
215
257
9
211
255
137
256
144
6
168
207
227
127
18
64
50
219
284
96
290
209
297
145
79
95
30
249
63
151
268
23
66
225
33
278
181
170
235
26
177
103
234
104
231
252
169
281
172
154
78
163
63
75
9
143
170
40
92
234
191
61
257
257
287
291
236
169
162
171
195
39
275
129
144
206
82
13
188
255
167
266
119
231
42
128
74
213
168
167
147
60
229
105
17
217
96
254
86
259
125
282
298
100
112
143
7
195
156
195
150
24
162
270
255
205
99
30
118
268
198
265
28
127
70
46
44
167
0
131
127
125
113
126
226
226
269
234
121
125
130
272
150
292
242
105
197
41
135
16
9
33
281
38
161
52
84
206
220
84
37
47
209
151
173
136
77
142
70
198
268
200
170
118
193
113
224
91
154
60
107
164
94
89
202
255
142
286
162
62
70
199
110
280
51
283
117
128
126
188
26
95
89
197
214
282
10
138
74
165
198
182
30
293
271
233
248
113
219
110
175
290
10
285
271
61
269
89
190
96
277
217
191
67
114
105
50
125
244
124
291
143
6
22
136
278
255
85
91
175
196
267
166
207
253
138
268
223
227
159
19
205
76
211
272
191
17
22
16
261
146
8
104
153
30
241
131
286
26
223
161
222
191
27
129
144
165
98
67
93
257
87
298
33
298
271
225
15
293
242
277
140
250
82
293
281
23
125
267
50
49
128
273
240
156
103
84
22
201
152
116
159
240
114
193
238
85
118
254
79
60
231
219
11
13
213
292
37
39
260
87
88
89
60
28
245
163
113
268
65
266
84
224
206
199
118
144
285
237
99
64
297
30
284
9
44
198
1
81
237
261
168
26
50
228
54
296
92
167
264
157
133
49
82
40
248
200
184
233
137
283
298
135
14
283
144
58
181
146
140
118
108
8
144
159
237
199
155
29
67
120
187
201
170
269
241
118
170
126
52
8
110
51
143
124
34
288
183
215
135
23
34
243
32
178
103
269
78
259
299
145
80
186
46
250
156
288
69
26
114
121
34
224
172
178
49
207
167
232
122
2
256
156
246
288
35
49
257
114
8
257
259
89
143
6
39
299
294
108
26
109
230
60
34
103
239
83
10
106
16
133
109
272
290
55
260
25
105
218
140
114
175
99
203
19
106
243
18
101
51
45
210
281
106
244
84
45
28
94
152
44
227
261
16
217
17
277
243
123
195
84
238
70
184
142
89
290
85
108
92
136
153
3
118
260
248
202
5
276
297
158
20
225
120
37
143
138
14
87
262
209
171
200
280
55
42
69
46
127
178
138
264
32
141
82
292
89
285
298
66
283
156
87
208
277
125
51
115
139
139
77
49
10
277
29
66
20
99
112
148
278
251
113
10
92
196
2
182
181
1
249
164
157
36
73
135
161
125
250
1
264
28
50
275
6
80
41
26
180
154
175
158
105
288
168
198
184
171
81
66
172
30
231
30
67
4
165
229
129
116
230
94
144
281
69
150
62
110
177
242
265
52
100
70
41
269
269
225
140
50
292
13
81
223
43
148
228
208
78
57
25
9
151
169
291
221
19
53
32
196
296
297
249
96
68
290
66
37
216
206
87
208
219
168
132
263
17
60
171
96
117
197
105
269
66
96
191
86
149
223
282
146
220
232
242
288
222
8
26
138
215
113
47
135
282
179
98
0
239
270
96
57
167
201
26
233
298
218
19
148
141
2
294
62
234
236
51
156
245
77
295
161
190
42
296
173
221
94
173
160
64
269
217
231
171
244
164
169
162
184
17
4
186
11
66
121
248
117
277
194
194
273
55
85
15
52
259
236
146
132
97
210
102
15
142
274
259
6
143
122
191
161
126
78
173
193
199
121
10
176
16
205
149
72
291
165
124
250
101
270
83
199
181
185
214
23
160
174
30
4
296
221
165
123
299
38
16
198
160
26
75
176
232
225
249
223
90
73
174
192
43
257
92
225
143
6
248
3
180
279
7
177
201
173
0
201
211
16
100
72
43
175
248
275
101
197
199
192
271
73
84
15
30
177
240
173
183
189
177
64
169
185
241
70
58
241
271
269
258
71
41
1
247
290
276
49
188
175
241
159
248
26
175
279
203
115
153
87
5
30
151
174
215
92
244
273
34
216
243
292
288
285
293
236
275
270
285
164
146
226
24
94
252
199
73
156
15
227
243
21
257
95
195
173
187
140
147
222
57
90
215
45
75
209
281
51
179
267
216
25
193
241
120
146
140
194
3
156
121
246
177
79
41
73
252
229
214
99
152
271
190
67
17
266
277
299
18
156
267
234
182
160
175
3
7
16
197
11
173
19
257
51
98
299
124
50
229
39
150
82
11
40
150
29
7
127
29
25
284
296
260
167
157
135
170
164
152
67
175
26
87
133
77
185
133
202
235
63
241
86
145
253
126
295
282
133
123
11
159
107
8
119
275
165
255
145
29
108
213
205
134
0
39
211
185
172
114
121
236
56
207
81
9
34
77
292
168
200
4
28
8
12
147
283
177
102
129
207
210
42
112
45
42
151
256
228
24
70
50
260
127
257
42
136
292
119
128
161
20
132
189
29
144
36
13
22
139
142
229
50
184
41
95
227
193
51
156
218
122
206
178
249
163
221
86
156
41
215
17
61
48
206
91
192
243
104
215
82
246
144
132
131
186
228
59
79
279
215
297
102
121
176
52
285
98
139
141
139
54
159
201
102
66
292
295
9
96
210
92
43
55
225
174
241
153
233
20
133
148
18
236
270
195
289
255
293
128
96
132
183
256
34
285
22
26
281
31
122
192
124
166
247
49
40
188
202
274
209
36
123
227
272
93
123
261
48
116
89
145
249
272
101
283
258
124
10
239
156
133
132
280
299
79
29
39
267
232
14
176
269
137
104
241
230
227
203
279
44
292
124
294
265
226
278
224
50
288
164
206
121
296
187
120
75
217
160
43
149
175
220
119
12
24
60
243
252
263
223
296
256
48
291
222
274
269
146
25
258
11
232
79
7
119
200
83
36
61
127
186
237
47
5
250
71
66
194
24
29
117
20
286
165
11
208
140
281
55
166
239
66
98
19
74
218
220
158
255
282
285
141
219
32
147
170
104
213
64
128
243
181
149
229
47
161
138
188
142
193
54
82
260
153
102
34
72
23
193
27
5
178
169
225
210
16
95
15
230
160
144
173
42
293
103
89
154
242
277
297
135
32
80
96
185
182
131
258
205
24
285
211
202
154
137
113
171
233
129
101
93
273
275
135
266
79
224
121
21
202
119
157
234
199
253
120
81
85
78
287
109
64
198
12
218
36
126
90
269
255
192
62
228
168
197
195
247
122
17
268
25
136
126
259
35
80
80
117
165
159
104
275
223
3
288
142
39
114
232
9
70
125
71
299
293
269
195
240
92
212
209
117
48
35
77
84
116
157
201
282
16
6
258
240
10
246
82
50
61
15
59
132
140
131
131
133
100
27
74
192
239
284
9
288
19
86
72
136
244
274
118
261
281
76
201
292
23
284
43
85
299
102
217
140
234
49
274
34
76
48
227
15
32
237
4
52
23
77
189
268
52
7
229
33
84
131
26
107
115
69
193
115
172
110
256
106
159
230
141
235
279
68
251
12
5
255
64
29
32
254
297
84
261
227
118
46
58
145
154
174
214
47
289
87
157
246
193
17
176
34
252
155
102
203
168
108
159
232
137
191
187
135
276
149
62
95
195
120
240
50
295
155
97
285
242
255
231
135
272
108
170
225
264
272
129
132
81
288
65
218
180
252
53
157
101
115
252
296
236
193
46
232
48
144
217
290
100
148
126
73
256
296
298
220
269
127
52
50
116
117
268
297
70
22
154
171
137
107
168
74
0
214
6
49
59
224
39
160
72
166
233
29
162
231
250
131
59
3
181
176
121
150
173
191
172
28
62
10
136
230
84
137
145
91
186
205
15
226
65
88
92
298
118
254
230
69
86
289
72
267
166
194
118
39
85
290
68
148
0
204
79
85
41
225
177
228
130
193
154
195
282
247
194
100
202
124
169
288
114
242
256
281
136
74
20
222
65
89
71
65
293
150
151
35
75
28
263
206
222
118
102
204
65
296
4
267
121
174
256
236
117
212
217
254
287
238
176
52
27
248
118
21
98
269
57
174
298
20
80
220
138
182
124
204
179
129
171
0
4
127
237
121
40
154
75
27
93
252
79
121
200
197
142
299
167
199
173
165
220
253
86
59
136
211
263
16
40
134
17
44
262
254
166
2
109
242
30
202
195
110
23
95
8
166
95
175
66
268
41
286
222
128
45
59
39
8
75
79
143
92
124
106
46
291
109
156
234
139
58
129
250
82
225
258
248
20
134
14
289
176
0
211
4
46
271
43
55
46
123
198
139
248
5
186
239
114
42
173
254
101
3
204
183
228
163
132
248
297
146
237
174
147
149
178
194
121
221
249
168
45
148
7
293
153
194
233
268
236
107
222
38
110
127
222
38
291
54
287
289
200
225
163
48
75
41
242
196
263
192
65
8
40
72
2
194
267
236
162
203
43
85
242
153
213
164
192
204
218
180
193
119
105
56
167
181
98
110
78
62
2
143
71
43
216
73
237
183
9
100
87
53
185
29
206
98
193
99
3
112
279
197
231
85
254
99
267
52
209
45
114
212
189
185
255
106
259
193
289
269
293
77
22
179
106
229
278
0
28
281
112
8
178
44
94
132
143
62
185
53
108
0
266
297
186
221
104
145
115
94
115
108
171
137
287
278
66
265
279
95
247
91
104
125
135
199
258
279
261
144
32
70
144
298
68
30
220
172
176
36
266
291
144
137
129
132
116
196
98
95
291
45
186
96
171
22
296
130
2
257
274
35
28
118
34
96
149
255
268
26
291
234
17
136
72
146
268
188
42
67
283
34
112
170
131
283
193
127
114
195
85
88
231
113
207
265
209
56
220
177
82
212
112
100
48
185
247
16
73
290
83
57
24
196
228
156
180
121
283
294
17
68
82
248
182
290
214
91
46
134
269
129
46
82
230
95
267
177
112
41
167
196
99
192
92
27
48
272
149
32
267
166
101
50
115
283
40
29
75
87
164
45
216
211
127
147
6
95
24
118
137
192
14
236
84
106
263
133
79
112
166
47
279
267
97
94
251
137
124
26
225
288
72
142
199
199
289
205
295
13
24
132
206
38
69
290
145
32
124
225
145
290
272
125
258
70
220
210
208
44
237
133
32
9
275
232
209
264
138
204
278
162
37
184
201
106
175
47
139
0
272
285
291
245
110
249
15
30
159
223
74
96
56
107
106
32
39
15
297
178
219
275
41
257
160
242
63
35
289
202
35
262
188
26
207
298
276
223
29
136
146
104
233
203
211
39
236
251
54
233
129
274
208
171
231
69
113
295
105
103
197
140
66
86
167
274
84
144
197
114
281
44
218
214
248
129
254
184
81
9
117
211
284
26
82
215
95
195
210
200
299
108
41
66
194
209
40
279
54
237
93
35
282
11
250
230
141
205
115
222
214
232
133
198
259
215
114
55
111
24
256
111
133
298
177
28
207
217
7
262
155
101
297
137
112
248
68
254
153
183
176
68
116
10
266
75
226
81
131
38
106
87
149
239
85
27
267
293
245
274
255
101
75
253
239
188
202
7
142
55
191
19
124
7
30
90
83
256
172
214
294
278
2
144
217
88
172
185
81
117
160
37
218
236
291
157
124
193
165
267
249
56
287
73
64
17
164
148
273
36
62
268
15
65
113
232
153
285
117
235
103
278
273
22
214
264
180
38
158
45
6
108
102
293
182
167
10
47
15
284
84
77
253
99
143
66
32
296
52
149
231
155
128
205
178
42
170
58
80
29
104
87
137
207
80
20
74
91
67
89
75
151
167
28
250
10
95
282
7
147
132
239
3
260
144
181
2
14
240
83
43
44
170
181
251
251
201
26
42
268
115
118
119
283
147
70
293
242
52
1
89
184
240
92
145
84
274
147
99
214
231
142
259
101
23
210
53
225
237
96
193
52
214
12
35
61
82
29
3
135
30
93
20
270
186
165
55
160
13
154
74
244
297
34
46
21
244
100
246
182
196
139
234
110
152
270
171
235
0
175
70
31
268
90
2
154
256
57
15
269
212
90
214
209
124
261
230
69
61
177
251
257
16
186
67
169
156
239
104
157
115
175
188
84
266
190
238
222
248
254
192
160
44
107
69
168
68
0
238
129
177
189
87
194
75
154
63
232
94
168
90
209
43
278
293
9
169
232
232
117
187
124
277
231
231
47
100
0
48
39
129
226
228
217
120
4
72
184
237
166
53
27
76
96
6
70
106
175
3
38
293
190
163
270
122
95
17
222
95
66
261
225
292
190
142
113
195
214
298
132
81
51
160
158
148
167
228
254
43
231
293
36
122
156
6
244
252
24
167
47
91
129
273
83
19
116
197
215
31
195
48
112
247
209
271
95
76
199
49
120
131
43
156
253
200
163
198
152
188
65
200
279
194
173
63
214
290
260
129
21
155
177
134
102
86
105
198
163
5
247
283
136
290
139
90
191
3
288
43
191
54
243
170
248
117
233
163
107
194
293
129
49
170
264
152
257
69
50
121
75
298
104
211
289
244
2
180
247
290
223
138
44
167
9
293
285
243
157
93
137
150
222
187
21
186
39
278
256
90
99
31
88
204
243
78
148
245
258
96
236
182
234
281
50
244
275
35
187
132
128
25
282
51
212
3
238
252
282
194
42
82
226
131
286
170
210
134
115
169
230
52
51
165
33
102
110
8
137
298
141
266
23
123
17
236
127
255
188
110
150
231
192
76
63
178
247
273
13
62
142
244
114
194
109
148
297
220
157
134
218
298
100
242
122
118
178
250
73
67
60
223
298
252
0
61
130
247
35
143
10
178
87
125
73
197
274
70
118
131
205
36
129
6
279
252
124
157
202
198
224
262
122
223
214
122
285
45
70
21
188
81
199
276
207
273
174
181
43
292
13
249
29
143
255
9
95
80
166
297
278
91
260
100
15
174
223
0
220
294
21
109
75
221
85
283
194
260
164
238
253
178
187
283
21
143
292
116
223
159
114
201
251
75
2
266
250
225
267
170
219
289
279
295
210
65
278
105
25
143
43
279
21
231
262
43
74
255
160
297
114
275
199
66
50
201
32
0
127
0
170
46
289
149
42
199
215
21
5
240
164
48
220
186
279
183
230
54
138
90
52
253
65
251
19
115
153
52
116
280
52
286
27
41
136
69
241
51
90
246
292
255
295
212
142
275
95
73
29
234
163
81
187
229
33
206
44
187
259
161
167
11
147
194
53
284
264
295
36
55
242
28
11
237
241
154
213
36
227
242
270
90
24
158
19
58
65
64
245
24
225
112
36
73
7
90
57
272
85
94
28
28
122
39
266
63
193
179
100
120
122
71
211
147
229
230
205
295
295
150
19
221
263
56
294
271
146
52
243
231
146
271
259
269
11
226
33
204
105
133
25
227
205
236
74
135
167
280
130
162
130
150
84
94
206
78
65
52
131
9
284
277
280
244
247
292
170
280
196
275
114
222
203
19
158
278
154
25
258
285
188
89
135
272
183
41
51
248
93
182
257
77
160
238
21
107
231
191
87
127
167
201
49
70
221
208
48
76
234
7
61
122
96
196
95
279
238
147
228
32
29
186
109
190
125
131
297
56
23
85
183
190
287
233
261
209
142
10
285
76
17
47
199
113
244
294
93
182
142
22
214
171
208
24
62
33
156
60
89
179
146
273
70
133
207
31
43
49
41
29
125
59
76
24
173
20
19
266
203
161
288
118
33
197
142
96
230
299
156
20
178
2
294
248
136
201
280
179
251
21
208
76
81
285
101
254
5
121
220
209
283
209
27
16
107
170
112
37
169
269
58
48
271
52
297
108
254
277
287
205
299
196
282
80
181
83
34
187
205
255
96
188
165
124
205
272
294
18
9
164
287
68
212
259
120
209
67
75
187
54
280
186
251
263
266
132
46
0
20
252
255
116
140
121
240
45
93
235
64
103
100
51
171
13
11
292
223
78
67
110
133
48
296
84
11
262
217
58
263
237
10
219
54
151
40
295
197
133
231
261
237
31
13
108
44
24
101
267
102
168
77
235
217
74
20
228
37
237
287
1
175
298
220
229
149
261
225
46
95
156
8
32
187
21
141
232
46
242
199
148
111
277
84
28
52
105
257
89
42
244
90
218
242
11
148
92
272
73
139
68
229
147
100
117
169
241
49
215
183
249
64
295
227
149
23
279
254
281
69
297
225
159
215
168
171
63
261
144
137
100
212
67
248
12
185
117
254
235
33
138
184
97
133
111
247
157
91
201
138
160
198
64
19
113
233
191
177
194
35
15
295
247
83
243
260
268
61
214
203
94
53
88
192
186
199
139
43
290
40
182
151
239
246
170
53
179
62
231
74
97
246
69
45
29
12
5
298
73
220
201
168
273
289
60
160
189
199
203
180
240
86
31
179
33
202
232
212
264
163
287
62
110
56
107
140
69
112
138
142
32
40
10
5
29
71
165
219
271
69
100
212
156
131
91
189
34
24
102
298
188
89
60
299
145
167
139
214
280
277
57
12
18
68
18
48
140
184
267
111
254
67
23
110
199
115
299
233
140
101
231
29
190
292
28
36
160
167
251
140
145
9
153
164
77
172
212
218
56
179
29
10
247
53
121
146
169
120
80
9
222
12
38
112
4
67
149
165
235
100
6
81
110
159
245
188
31
157
106
88
37
135
99
284
189
220
131
58
40
211
68
263
223
107
76
228
174
225
94
109
26
100
190
136
259
135
24
291
293
130
79
30
266
179
15
156
99
146
214
140
58
283
103
282
90
179
211
264
104
5
73
131
106
264
267
66
100
292
58
93
123
138
124
90
17
139
246
116
286
161
256
45
144
59
28
234
238
240
198
43
246
272
174
52
237
142
118
37
135
176
131
258
14
256
49
31
95
295
148
82
157
104
128
1
164
156
236
102
96
135
146
43
107
21
95
45
164
214
83
299
91
214
258
105
170
7
137
266
3
286
49
161
90
178
163
254
34
99
57
131
234
204
174
42
225
270
87
89
184
170
89
275
85
48
81
256
56
219
223
59
205
272
221
296
150
84
250
185
184
8
17
118
212
192
161
138
162
249
227
47
120
17
23
206
65
104
162
121
24
86
181
229
58
102
226
209
187
176
95
71
185
113
190
98
5
51
236
168
1
164
216
122
181
239
28
247
44
191
69
68
277
250
298
36
53
225
246
241
102
41
12
287
155
202
85
160
254
21
29
256
186
246
78
67
185
106
15
230
297
84
299
274
34
298
10
88
223
257
29
25
298
42
12
153
245
98
14
200
120
44
156
6
290
235
74
176
41
89
106
39
173
105
14
208
104
25
296
27
282
26
52
281
68
65
135
14
164
149
214
284
194
71
290
185
6
64
61
48
153
168
87
27
274
102
235
78
127
231
105
110
258
158
91
27
223
226
41
87
76
255
72
271
26
62
156
32
127
218
80
281
86
168
8
61
271
244
139
98
176
245
209
134
103
1
161
27
228
202
115
4
157
187
276
184
250
133
217
78
51
298
60
138
166
68
199
137
13
39
236
189
284
146
23
87
147
184
115
75
87
230
80
245
117
57
129
68
190
46
146
241
45
206
80
211
275
279
49
288
18
286
178
3
133
201
90
280
86
205
56
173
136
137
118
253
194
248
22
84
295
169
26
40
76
106
252
52
86
1
41
105
288
219
108
122
120
199
102
206
104
159
80
240
296
198
194
190
146
217
275
141
86
1
181
162
108
134
215
194
136
256
0
124
175
108
247
296
7
49
203
112
209
283
53
206
182
248
97
29
165
72
171
251
74
53
114
183
187
30
77
23
286
78
148
162
186
95
158
194
145
61
7
54
45
60
260
228
8
57
257
173
130
128
125
205
181
240
88
69
270
166
92
257
244
240
119
131
35
277
26
180
39
33
235
85
93
195
13
102
253
271
276
84
100
102
289
282
43
77
51
13
244
143
271
188
84
90
20
119
68
46
0
108
79
235
193
173
131
207
276
84
179
252
169
279
54
159
261
97
237
13
111
181
157
82
69
241
173
90
60
241
136
61
49
216
296
243
89
127
151
66
212
30
18
81
10
73
240
272
171
178
286
283
59
143
65
129
84
239
219
145
180
55
206
230
271
203
174
61
30
26
127
242
57
146
24
67
219
265
40
91
143
26
74
203
169
140
32
254
79
251
99
260
7
6
190
279
209
65
40
239
91
168
182
148
14
207
216
234
173
256
25
17
282
99
220
152
240
252
106
19
204
205
279
211
212
170
191
121
235
231
61
26
100
244
175
115
152
91
49
25
47
75
42
30
175
263
182
115
216
288
134
120
194
114
32
106
284
223
228
220
155
289
247
256
233
122
71
85
214
121
111
262
196
154
292
71
117
175
187
33
163
22
153
58
136
186
164
121
110
92
42
266
82
289
222
16
112
293
102
26
114
213
288
11
67
281
83
184
156
270
218
20
292
72
78
129
258
243
251
68
36
293
34
119
283
257
135
95
250
237
122
65
150
111
77
218
92
160
102
249
131
21
269
124
93
48
253
51
291
205
120
28
198
155
147
181
112
282
277
63
220
100
129
70
211
206
289
3
67
92
252
198
113
222
22
206
270
276
257
262
181
78
290
80
233
137
262
46
120
240
110
40
40
239
111
251
145
100
255
213
192
208
111
5
130
133
211
100
110
169
63
292
247
53
72
181
191
35
228
11
275
38
51
15
277
163
266
123
263
221
36
156
129
148
161
260
282
73
61
92
242
124
84
190
177
157
72
68
192
0
80
167
38
132
182
16
295
149
140
259
70
176
115
200
25
276
160
7
50
222
99
292
46
184
183
224
41
255
293
234
256
74
101
294
206
284
11
202
133
151
161
204
28
276
105
53
253
266
60
4
188
160
296
235
45
180
159
86
135
153
21
91
227
123
86
133
107
98
36
241
249
197
145
277
174
251
31
128
217
92
132
105
253
129
40
298
9
200
84
145
54
106
237
281
229
24
115
36
122
151
278
71
48
124
49
223
75
81
51
292
173
184
98
127
13
139
125
23
39
209
168
93
15
106
75
244
131
190
281
253
41
259
25
90
83
75
14
158
156
65
151
30
250
249
157
263
88
282
287
128
192
155
222
208
262
297
153
93
187
135
47
229
95
72
20
178
147
34
37
4
100
188
35
50
138
193
14
226
176
1
54
69
157
276
278
119
274
132
213
161
267
260
91
62
33
111
241
180
146
279
185
246
168
221
296
6
114
11
233
291
12
288
61
169
265
39
289
239
171
203
101
139
163
192
202
196
4
144
77
150
123
263
97
291
184
93
298
299
105
231
290
117
219
52
287
185
91
276
124
263
179
226
102
43
119
5
240
123
149
17
274
272
281
71
264
165
165
262
165
270
194
156
88
114
208
75
299
299
52
124
263
232
50
65
275
170
71
216
294
220
234
268
193
215
40
157
80
205
120
245
176
14
101
264
129
9
39
128
9
92
253
272
24
4
38
0
174
109
216
168
30
150
137
223
66
177
81
146
82
201
92
258
216
194
223
45
204
263
174
213
55
127
186
79
131
225
80
6
34
296
174
65
147
12
288
213
189
70
60
272
271
153
231
188
47
154
234
252
117
108
166
172
236
52
252
68
277
32
74
12
29
249
77
177
261
66
91
151
136
151
123
108
5
54
296
52
209
230
4
26
39
171
199
275
223
152
43
201
184
118
214
214
67
292
91
29
58
182
180
195
34
3
3
39
58
0
92
267
230
97
293
270
268
193
245
192
45
289
93
230
107
7
144
174
0
236
204
58
118
84
253
152
88
256
192
146
256
284
113
187
81
107
157
49
1
103
241
47
92
34
277
200
42
122
75
42
58
279
101
176
64
55
29
152
11
221
299
268
205
113
156
286
221
14
36
222
118
277
269
211
12
247
111
55
69
186
98
127
165
199
4
229
254
33
82
266
255
81
235
161
194
92
148
115
107
184
38
225
161
8
136
174
255
247
229
24
134
28
151
299
228
156
229
183
190
12
150
145
93
85
7
288
178
155
104
285
39
142
211
201
150
47
76
105
295
6
130
129
34
282
129
262
138
59
146
28
71
296
174
164
82
182
153
260
37
257
246
77
100
157
279
250
204
55
56
200
62
187
30
96
169
159
59
8
218
205
37
289
201
212
154
283
94
8
244
131
265
190
209
65
47
188
16
252
244
73
152
6
261
182
103
130
42
162
138
260
68
176
250
270
88
105
253
182
113
198
14
79
88
223
145
135
112
162
88
57
235
241
64
196
123
167
27
166
30
166
127
98
42
77
68
130
183
22
13
296
220
27
75
9
251
220
145
64
82
233
121
18
174
185
215
298
53
243
164
83
109
291
182
152
69
251
282
252
274
296
249
195
23
25
204
275
246
49
39
28
282
160
47
157
46
263
155
99
206
20
183
16
11
66
168
81
18
151
34
292
147
283
188
170
8
92
146
255
142
185
283
125
46
31
282
92
295
137
192
201
158
76
217
170
143
86
251
161
237
285
154
84
269
42
255
278
135
101
233
277
287
217
102
33
249
85
126
244
223
18
145
81
95
63
251
238
150
202
100
87
188
254
172
157
297
128
136
132
230
69
110
217
287
212
250
236
297
76
180
220
95
26
1
191
90
253
129
240
156
229
28
44
184
200
202
181
28
38
13
258
108
123
176
95
36
126
31
33
203
212
254
299
238
256
190
28
209
19
269
66
249
297
110
133
197
13
14
226
52
28
185
160
151
61
256
187
188
288
221
91
200
176
90
138
133
281
167
43
1
136
109
250
134
220
84
31
233
98
258
285
127
143
146
278
204
102
166
92
90
88
184
291
265
275
130
98
256
297
141
257
134
251
208
269
171
292
0
104
91
259
89
218
102
236
197
7
38
63
100
129
152
284
120
117
260
250
215
216
248
57
174
83
8
82
52
179
75
53
283
167
13
73
85
115
9
283
123
48
46
223
178
199
208
298
16
168
249
232
85
198
289
259
282
297
42
35
177
117
89
161
284
102
235
70
218
244
53
41
293
100
265
171
299
173
170
15
42
120
247
127
18
237
86
1
235
128
36
112
246
125
273
231
228
208
2
146
153
55
187
147
156
153
19
155
26
189
171
69
9
119
196
28
57
283
29
292
112
66
104
58
191
78
290
119
287
292
265
141
48
153
289
205
6
8
61
33
197
233
102
206
52
299
235
110
282
264
102
94
30
207
153
222
285
143
42
273
136
7
115
185
161
104
90
168
112
151
201
10
84
4
217
137
3
152
247
285
116
49
80
147
256
233
69
242
76
111
216
213
119
31
98
280
136
188
149
249
39
50
259
124
55
176
261
58
28
208
44
145
258
124
292
215
57
61
157
134
172
74
47
291
106
145
272
242
34
121
191
74
172
150
198
227
27
160
286
55
69
30
201
27
155
193
242
212
254
100
46
127
175
94
119
281
240
91
223
274
213
115
49
85
266
247
13
293
108
299
49
177
30
250
204
185
144
147
98
98
248
145
225
123
239
45
105
179
136
28
154
50
144
203
136
110
151
149
104
259
149
154
136
180
105
41
65
249
189
163
47
137
8
273
261
248
18
66
128
155
95
282
205
239
186
42
50
37
191
155
297
41
9
133
221
114
175
287
63
64
151
111
202
160
85
163
109
103
230
237
259
25
220
165
265
106
207
16
143
99
171
141
141
181
275
63
295
150
50
59
215
202
170
117
63
255
281
172
59
211
109
19
237
29
184
203
135
92
219
279
191
90
121
33
271
96
96
267
247
146
26
162
49
197
280
112
153
262
284
212
174
94
231
111
124
116
14
260
208
234
240
100
25
61
133
297
157
229
264
104
76
291
267
125
189
247
238
42
210
223
255
84
17
186
196
141
2
211
102
211
145
42
11
170
103
144
167
261
73
132
66
150
124
33
275
13
281
213
55
191
136
10
276
154
197
172
296
200
83
98
111
228
141
123
99
244
267
267
206
41
99
272
191
224
5
167
237
287
81
293
178
217
3
154
72
201
27
68
101
110
167
213
39
8
36
138
253
4
106
159
46
206
131
238
130
137
105
67
124
186
60
3
104
64
158
176
266
185
245
68
296
113
281
35
122
18
174
75
23
280
235
70
187
67
8
17
205
113
85
29
0
145
33
104
210
191
281
177
77
227
245
73
41
227
109
163
246
283
239
269
264
175
39
151
242
48
168
147
162
253
177
162
99
211
267
10
103
249
187
180
177
133
254
218
60
63
82
6
46
21
276
11
197
16
162
139
64
31
287
226
285
165
89
85
76
56
96
179
5
284
60
183
117
14
101
178
77
183
184
124
205
161
135
102
177
298
242
241
30
230
168
16
95
257
102
171
13
199
51
19
183
111
202
1
125
4
179
203
188
64
28
94
225
164
197
102
163
140
44
193
70
212
210
166
170
13
38
183
212
89
203
95
201
106
97
27
111
276
230
299
41
258
93
266
122
291
69
285
131
114
179
201
26
90
67
196
103
105
80
15
195
284
111
96
91
208
123
202
185
53
202
226
12
296
192
135
287
262
121
118
76
0
20
103
90
88
0
194
193
81
209
89
65
20
185
157
229
8
59
114
62
262
40
75
258
233
210
246
195
32
65
271
32
85
75
123
173
75
18
67
156
227
156
222
248
42
79
177
51
139
291
114
101
32
189
60
265
100
6
160
133
71
132
166
157
207
289
31
282
8
98
139
235
255
62
184
298
141
61
49
281
53
164
83
85
54
143
50
154
150
211
287
222
44
153
79
251
143
110
234
152
209
74
87
164
136
272
163
278
33
213
259
87
77
43
173
131
187
223
286
37
135
274
259
179
128
39
131
272
149
65
124
58
139
211
223
276
184
87
254
217
0
213
5
77
257
178
208
144
102
195
181
237
169
141
117
297
180
248
269
30
13
93
89
153
5
12
129
189
100
83
107
100
297
113
177
255
291
86
99
93
282
281
31
151
122
148
149
3
96
118
33
110
212
122
264
218
135
93
108
235
177
216
36
175
29
214
131
21
0
230
115
283
211
147
134
34
296
283
37
93
102
71
203
15
194
168
234
30
261
43
266
139
259
2
15
289
216
146
11
217
77
127
200
288
274
35
22
270
18
60
63
121
132
267
137
26
135
71
56
97
115
23
237
75
25
253
64
242
100
76
159
177
203
60
166
178
95
189
148
114
249
212
235
81
179
73
108
15
145
165
112
260
188
49
35
213
2
100
155
102
177
15
280
80
75
146
259
171
35
107
285
285
20
221
66
200
294
175
215
139
40
27
100
228
77
136
141
80
236
297
183
113
13
163
194
88
10
153
259
45
261
245
31
282
166
98
182
161
273
97
0
13
125
101
241
203
237
83
283
174
81
167
287
94
31
182
183
41
36
143
87
297
88
118
279
255
216
162
116
190
259
117
203
85
218
145
288
155
228
271
30
10
139
17
104
170
200
288
211
236
131
299
234
220
117
214
175
34
76
291
224
36
108
128
121
27
273
109
183
202
81
213
212
220
231
16
90
131
4
2
68
136
1
3
57
119
217
232
154
294
224
79
30
33
207
151
60
180
260
244
82
41
157
294
262
89
11
52
221
16
55
289
152
56
293
209
176
210
142
30
204
66
109
235
100
17
86
161
197
47
105
280
89
263
275
51
53
286
104
274
2
159
264
155
216
257
64
92
168
207
123
73
274
233
8
74
250
95
235
148
142
41
128
231
5
103
283
58
90
87
33
92
246
297
248
163
255
13
255
123
220
79
197
194
12
206
269
262
1
204
111
143
246
239
75
251
43
58
10
133
145
43
226
92
41
174
255
296
187
211
120
108
290
18
2
3
224
271
266
225
176
77
68
123
16
143
74
60
202
85
193
47
128
120
139
170
295
95
166
183
6
287
291
297
5
294
0
229
266
266
155
142
43
223
265
60
67
40
120
269
126
14
17
254
135
157
124
130
252
291
13
259
278
5
256
284
299
256
214
265
223
69
108
266
293
74
27
60
115
147
30
241
162
48
196
297
205
21
128
158
12
141
117
291
147
74
276
146
31
190
112
254
259
221
221
252
295
248
13
111
96
44
52
258
92
248
256
298
269
84
156
282
226
274
274
73
49
250
220
80
140
33
35
100
255
256
52
251
205
66
62
1
110
115
260
203
64
216
201
34
1
58
16
228
33
290
2
83
241
223
163
81
256
199
182
211
155
235
163
60
1
225
62
112
40
22
15
104
239
217
138
241
276
155
169
10
146
171
93
87
94
257
169
51
156
51
263
12
286
126
73
288
51
136
101
92
158
117
196
98
34
35
39
11
190
209
22
37
80
116
124
175
73
294
226
230
46
189
243
33
16
16
21
67
153
122
160
12
239
57
110
274
92
150
286
283
59
8
21
140
125
145
15
199
140
242
129
186
131
73
219
147
90
241
215
243
63
75
255
3
132
65
278
225
216
265
209
276
273
230
116
99
76
131
298
216
73
127
102
205
201
21
53
291
262
269
234
26
45
189
30
178
255
8
103
172
273
13
148
247
244
264
47
20
96
45
236
170
173
39
76
74
61
129
65
24
99
299
51
144
189
81
22
145
90
126
17
64
140
165
12
84
130
59
104
226
104
41
97
277
80
173
51
142
3
116
166
102
116
217
247
5
299
270
150
89
96
167
154
236
33
167
21
163
226
125
90
31
167
187
8
248
61
60
90
64
177
256
167
293
174
115
299
174
85
150
263
181
18
118
118
51
285
139
215
212
265
5
243
133
193
251
81
255
12
171
20
189
128
187
183
3
3
182
177
88
32
141
269
51
259
88
102
245
228
18
157
194
24
100
27
217
52
109
173
64
280
193
254
109
81
137
112
84
20
290
172
53
131
142
104
91
230
207
37
159
225
194
53
249
295
81
167
48
190
40
112
171
233
67
280
14
204
93
98
225
84
271
278
216
113
82
8
44
289
45
203
215
240
257
164
235
39
31
283
230
71
96
101
4
164
82
19
68
176
118
294
260
89
272
177
203
54
185
247
44
230
151
259
171
109
124
107
148
155
91
78
227
187
180
232
52
263
251
120
139
70
115
100
159
87
277
63
142
162
10
187
93
162
146
264
271
271
71
120
126
162
199
53
50
79
285
102
42
237
223
182
7
38
282
167
126
260
230
268
123
241
155
216
103
2
181
75
273
253
196
100
116
95
154
167
175
140
270
218
77
194
100
85
233
83
253
59
44
184
28
167
125
184
84
229
187
266
5
161
219
201
261
36
296
115
203
172
256
174
90
33
68
191
119
1
275
72
61
19
256
89
186
82
274
271
12
161
237
17
22
157
218
283
193
215
99
97
87
55
271
178
89
40
69
209
41
44
281
103
64
238
193
250
21
167
222
34
28
160
51
50
17
270
34
211
186
134
8
274
190
280
152
279
21
221
189
62
266
170
166
30
109
59
281
131
226
204
165
254
64
217
5
81
188
40
292
74
174
1
49
65
282
201
45
3
123
234
66
90
105
232
121
215
291
102
46
218
6
212
173
70
129
178
152
18
219
145
93
94
146
142
159
128
44
204
132
167
139
198
258
244
131
79
159
123
181
206
41
188
118
214
259
248
93
111
266
